Ram:
0x2000 00 00 00 10 00 00 11 00 02 78 3c 88 9c 00 f8 00 00 01 00 8e 02 00 05 0c 60 1c 20 30 10 01 00 00
0x2020 00 00 00 bb 03 00 10 90 1c 28 30 01 04 00 ff ff 00 00 02 76 04 00 00 00 ff ff 04 ee 1c 00 00 03
0x2040 00 00 00 b6 04 00 00 01 00 1d 04 e2 1c 00 00 03 00 00 00 82 06 00 00 01 06 1d 04 d0 1c 00 00 03
0x2060 ff 00 c0 1c 00 00 10 21 01 00 30 00 12 01 00 00 00 00 00 00 00 01 00 1d 04 e2 1c 00 00 03 fc ed
0x2080 01 00 ff 00 00 00 20 64 1d d0 29 18 02 54 1d 00 08 00 06 00 04 01 40 00 01 00 00 10 9e 00 20 1c
0x20a0 00 03 04 78 14 13 08 1a 3d 68 fc fc 68 3d 1a 00 00 00 01 b8 98 a0 1b 10 ff 00 a0 1b 00 00 00 00
0x20c0 74 01 00 0e 05 00 00 00 00 00 07 d0 1c c8 9b 08 00 00 03 04 78 14 0b 19 3a 6d fa fa 6d 3a 19 00
0x20e0 00 00 00 00 00 00 00 00 00 01 01 00 01 74 1f 00 80 00 00 00 00 00 1c 2f 00 00 1c 27 00 00 1c 39
0x2100 01 01 01 01 01 01 01 01 01 01 01 01 01 01 01 01 01 01 01 01 01 01 01 01 01 01 01 01 01 01 01 01
0x2120 01 01 01 01 01 01 01 01 01 01 01 01 01 01 01 01 01 01 01 01 01 01 01 00 00 00 00 00 00 00 00 00
0x2140 00 00 ff 0f ff 1f ff 3f ff 7f ff ff fc ff f8 ff f0 ff f0 ff f0 ff f0 ff f0 ff f0 ff f0 ff f8 ff
0x2160 fc ff ff ff ff ff ff 7f ff 3f ff 1f ff 0f ff 0f ff 1f ff 3f ff 7f ff ff fc ff f8 ff f0 ff f0 ff
0x2180 f0 ff f0 ff f0 ff f0 ff f0 ff f8 ff fc ff ff ff ff ff ff 7f ff 3f ff 1f ff 0f ff 0f ff 1f ff 3f
0x21a0 ff 7f ff ff fc ff f8 ff f0 ff f0 ff f0 ff f0 ff f0 ff f0 ff f0 ff f8 ff fc ff ff ff ff ff ff 7f
0x21c0 ff 3f ff 1f ff 0f ff 0f ff 1f ff 3f ff 7f ff ff fc ff f8 ff f0 ff f0 ff f0 ff f0 ff f0 ff f0 ff
0x21e0 f0 ff f8 ff fc ff ff ff ff ff ff 7f ff 3f ff 1f ff 0f 00 00 00 00 00 00 00 00 00 00 00 00 00 04
0x2200 00 00 00 00 00 00 00 00 00 00 00 00 00 00 00 00 00 00 00 00 00 00 00 00 00 00 00 00 00 00 00 00
0x2220 00 00 00 00 00 00 00 00 00 00 00 00 00 00 00 00 00 00 00 00 00 00 00 00 00 00 00 00 00 00 00 00
0x2240 00 00 00 00 00 00 00 00 00 00 00 00 00 00 00 00 00 00 00 00 00 00 00 00 00 00 00 00 00 00 00 00
0x2260 00 00 00 00 00 00 00 00 00 00 00 00 00 00 00 00 00 00 00 00 00 00 00 00 00 00 00 00 00 00 00 00
0x2280 00 00 00 00 00 00 00 00 00 00 00 00 00 00 00 00 00 00 00 00 00 00 00 00 00 00 00 00 00 00 00 00
0x22a0 00 00 00 00 00 00 00 00 00 00 00 00 00 00 00 00 00 00 00 00 00 00 00 00 00 00 00 00 00 00 00 00
0x22c0 00 00 00 00 00 00 00 00 00 00 00 00 00 00 00 00 00 00 00 00 00 00 00 00 00 00 00 00 00 00 00 00
0x22e0 00 00 00 00 00 00 00 00 00 00 00 00 00 00 00 00 00 00 00 00 00 00 00 00 00 00 00 00 00 00 00 00
0x2300 00 00 00 00 00 00 00 00 00 00 00 00 00 00 00 00 00 00 00 00 00 00 00 00 00 00 00 00 00 00 00 00
0x2320 00 00 00 00 00 00 00 00 00 00 00 00 00 00 00 00 00 00 00 00 00 00 00 00 00 00 00 00 00 00 00 00
0x2340 00 00 00 00 00 00 00 00 00 00 00 00 00 00 00 00 00 00 00 00 00 00 00 00 00 00 00 00 00 00 00 00
0x2360 00 00 00 00 00 00 00 00 00 00 00 00 00 00 00 00 00 00 00 00 00 00 00 00 00 00 00 00 00 00 00 00
0x2380 00 00 00 00 00 00 00 00 00 00 00 00 00 00 00 00 00 00 00 00 00 00 00 00 00 00 00 00 00 00 00 00
0x23a0 00 00 00 00 00 00 00 00 00 00 00 00 00 00 00 00 00 00 00 00 00 00 00 00 00 00 00 00 00 00 00 00
0x23c0 00 00 00 00 00 00 00 00 00 00 00 00 00 00 00 00 00 00 00 00 00 00 00 00 00 00 00 00 00 00 00 00
0x23e0 00 00 00 00 00 00 c1 03 c1 03 c1 03 54 20 6f 02 66 01 ae 00 88 8c 01 01 8c 04 12 00 fd 18 f6 16
